# Created by Octave 4.2.2, Mon Sep 28 11:24:38 2020 CEST <david@david-Lenovo-ideapad-520-15IKB>
# name: w
# type: matrix
# rows: 1281
# columns: 2
 -1.9e+06 1.9e+06
 -2.592e+08 2.592e+08
 -5.207e+08 5.207e+08
 7.94e+07 -7.94e+07
 -3.421e+08 3.421e+08
 4.654e+08 -4.654e+08
 9.487e+06 -9.487e+06
 1.437e+09 -1.437e+09
 1.089e+09 -1.089e+09
 7.538e+08 -7.538e+08
 7.913e+08 -7.913e+08
 -7.321e+08 7.321e+08
 -3.28e+08 3.28e+08
 -3.99e+08 3.99e+08
 2.484e+08 -2.484e+08
 3.384e+08 -3.384e+08
 6.122e+08 -6.122e+08
 2.918e+08 -2.918e+08
 -6.492e+07 6.492e+07
 4.7e+08 -4.7e+08
 9.947e+06 -9.947e+06
 -2.787e+08 2.787e+08
 -2.798e+08 2.798e+08
 -5.498e+08 5.498e+08
 5.075e+08 -5.075e+08
 -1.336e+08 1.336e+08
 -9.861e+07 9.861e+07
 -2.972e+08 2.972e+08
 7.326e+07 -7.326e+07
 3.097e+08 -3.097e+08
 -2.633e+08 2.633e+08
 -2.803e+08 2.803e+08
 1.248e+09 -1.248e+09
 -2.118e+08 2.118e+08
 -7.261e+08 7.261e+08
 2.276e+08 -2.276e+08
 -1.014e+08 1.014e+08
 -1.39e+08 1.39e+08
 -9.245e+08 9.245e+08
 1.057e+09 -1.057e+09
 -3.943e+07 3.943e+07
 -5.06e+08 5.06e+08
 -1.213e+08 1.213e+08
 1.265e+08 -1.265e+08
 -6.843e+08 6.843e+08
 -4.038e+08 4.038e+08
 2.331e+07 -2.331e+07
 -1.317e+08 1.317e+08
 1.668e+08 -1.668e+08
 -4.776e+08 4.776e+08
 -3.198e+08 3.198e+08
 1.378e+08 -1.378e+08
 -2.125e+08 2.125e+08
 2.865e+08 -2.865e+08
 1.006e+09 -1.006e+09
 2.71e+08 -2.71e+08
 -5.787e+08 5.787e+08
 4.693e+08 -4.693e+08
 1.392e+08 -1.392e+08
 -3.066e+08 3.066e+08
 -3.754e+08 3.754e+08
 1.461e+07 -1.461e+07
 2.287e+08 -2.287e+08
 -7.432e+08 7.432e+08
 -7.26e+08 7.26e+08
 -1.75e+08 1.75e+08
 -4.759e+07 4.759e+07
 6.593e+07 -6.593e+07
 1.052e+08 -1.052e+08
 1.166e+09 -1.166e+09
 4.486e+08 -4.486e+08
 1.436e+07 -1.436e+07
 2.018e+08 -2.018e+08
 -2.995e+08 2.995e+08
 3.123e+08 -3.123e+08
 -2.143e+08 2.143e+08
 8.115e+08 -8.115e+08
 7.118e+08 -7.118e+08
 4.662e+08 -4.662e+08
 3.579e+08 -3.579e+08
 -1.561e+07 1.561e+07
 1.852e+08 -1.852e+08
 6.138e+07 -6.138e+07
 1.288e+08 -1.288e+08
 3.826e+07 -3.826e+07
 3.211e+08 -3.211e+08
 8.422e+07 -8.422e+07
 1.353e+08 -1.353e+08
 -7.957e+08 7.957e+08
 1.244e+07 -1.244e+07
 -5.716e+08 5.716e+08
 -8.271e+07 8.271e+07
 1.433e+07 -1.433e+07
 -5.864e+06 5.864e+06
 -2.001e+08 2.001e+08
 5.197e+08 -5.197e+08
 -1.639e+08 1.639e+08
 -1.377e+07 1.377e+07
 -1.113e+08 1.113e+08
 2.122e+07 -2.122e+07
 -3.895e+07 3.895e+07
 1.758e+08 -1.758e+08
 -7.413e+07 7.413e+07
 -3.455e+08 3.455e+08
 -6.75e+08 6.75e+08
 7.297e+08 -7.297e+08
 2.616e+08 -2.616e+08
 -2.357e+08 2.357e+08
 5.855e+07 -5.855e+07
 2.761e+07 -2.761e+07
 -6.088e+08 6.088e+08
 -4.25e+08 4.25e+08
 2.071e+08 -2.071e+08
 1.266e+08 -1.266e+08
 -7.257e+08 7.257e+08
 -3.649e+08 3.649e+08
 3.635e+08 -3.635e+08
 -9.22e+07 9.22e+07
 -2.39e+08 2.39e+08
 -3.286e+08 3.286e+08
 2.203e+08 -2.203e+08
 2.989e+08 -2.989e+08
 4.897e+07 -4.897e+07
 4.963e+08 -4.963e+08
 2.612e+08 -2.612e+08
 -1.71e+08 1.71e+08
 2.846e+08 -2.846e+08
 3.076e+08 -3.076e+08
 9.299e+07 -9.299e+07
 1.181e+08 -1.181e+08
 2.901e+08 -2.901e+08
 4.002e+08 -4.002e+08
 6.829e+07 -6.829e+07
 -3.883e+08 3.883e+08
 1.436e+08 -1.436e+08
 3.794e+07 -3.794e+07
 -1.775e+08 1.775e+08
 -4.639e+07 4.639e+07
 -1.104e+08 1.104e+08
 1.149e+08 -1.149e+08
 2.249e+08 -2.249e+08
 1.14e+08 -1.14e+08
 -4.382e+07 4.382e+07
 -3.198e+08 3.198e+08
 -7.652e+08 7.652e+08
 -5.255e+08 5.255e+08
 3.375e+08 -3.375e+08
 3.413e+08 -3.413e+08
 4.971e+08 -4.971e+08
 1.749e+08 -1.749e+08
 1.135e+09 -1.135e+09
 -4.058e+06 4.058e+06
 4.647e+08 -4.647e+08
 6.206e+08 -6.206e+08
 5.768e+08 -5.768e+08
 1.388e+08 -1.388e+08
 -3.294e+08 3.294e+08
 -1.301e+07 1.301e+07
 -1.062e+08 1.062e+08
 -5.198e+08 5.198e+08
 -3.792e+07 3.792e+07
 2.775e+08 -2.775e+08
 -1.659e+09 1.659e+09
 -2.399e+08 2.399e+08
 -2.217e+08 2.217e+08
 -3.613e+08 3.613e+08
 -3.056e+08 3.056e+08
 -3.718e+08 3.718e+08
 -9.843e+07 9.843e+07
 -1.968e+08 1.968e+08
 -7.567e+07 7.567e+07
 1.152e+07 -1.152e+07
 1.033e+09 -1.033e+09
 1.07e+08 -1.07e+08
 -1.319e+08 1.319e+08
 1.42e+08 -1.42e+08
 1.784e+08 -1.784e+08
 1.316e+08 -1.316e+08
 3.719e+05 -3.719e+05
 3.239e+08 -3.239e+08
 3.574e+08 -3.574e+08
 -4.473e+08 4.473e+08
 -2.892e+08 2.892e+08
 -2.371e+08 2.371e+08
 1.282e+08 -1.282e+08
 2.669e+08 -2.669e+08
 2.181e+08 -2.181e+08
 -6.813e+08 6.813e+08
 -6.547e+08 6.547e+08
 -3.226e+08 3.226e+08
 3.599e+08 -3.599e+08
 -2.166e+08 2.166e+08
 -4.602e+07 4.602e+07
 6.394e+07 -6.394e+07
 4.275e+07 -4.275e+07
 2.101e+08 -2.101e+08
 -3.202e+08 3.202e+08
 4.922e+08 -4.922e+08
 7.911e+08 -7.911e+08
 -3.43e+08 3.43e+08
 -4.032e+08 4.032e+08
 -4.099e+08 4.099e+08
 3.744e+08 -3.744e+08
 1.511e+08 -1.511e+08
 -1.073e+08 1.073e+08
 -2.193e+08 2.193e+08
 -7.909e+07 7.909e+07
 -1.759e+08 1.759e+08
 -3.893e+08 3.893e+08
 3.598e+08 -3.598e+08
 -7.932e+08 7.932e+08
 -6.221e+07 6.221e+07
 -4.923e+08 4.923e+08
 -2.701e+08 2.701e+08
 3.279e+08 -3.279e+08
 -7.405e+08 7.405e+08
 -3.786e+07 3.786e+07
 -5.855e+08 5.855e+08
 1.763e+08 -1.763e+08
 -4.044e+08 4.044e+08
 -9.745e+08 9.745e+08
 3.08e+08 -3.08e+08
 9.437e+07 -9.437e+07
 3.19e+08 -3.19e+08
 -1.973e+08 1.973e+08
 -1.596e+06 1.596e+06
 1.68e+08 -1.68e+08
 3.991e+08 -3.991e+08
 5.191e+08 -5.191e+08
 8.46e+07 -8.46e+07
 -2.743e+08 2.743e+08
 1.218e+09 -1.218e+09
 -4.859e+08 4.859e+08
 -2.192e+08 2.192e+08
 -2.085e+08 2.085e+08
 -3.761e+08 3.761e+08
 2.971e+08 -2.971e+08
 3.977e+07 -3.977e+07
 -3.902e+08 3.902e+08
 -4.065e+08 4.065e+08
 -4.39e+07 4.39e+07
 2.847e+08 -2.847e+08
 -1.008e+08 1.008e+08
 2.158e+08 -2.158e+08
 -6.687e+08 6.687e+08
 -5.545e+08 5.545e+08
 2.153e+07 -2.153e+07
 -4.758e+07 4.758e+07
 -1.922e+08 1.922e+08
 -8.126e+07 8.126e+07
 1.684e+08 -1.684e+08
 -1.778e+08 1.778e+08
 1.328e+08 -1.328e+08
 -6.211e+08 6.211e+08
 1.58e+07 -1.58e+07
 -3.247e+08 3.247e+08
 -2.324e+08 2.324e+08
 -7.284e+08 7.284e+08
 4.191e+08 -4.191e+08
 1.785e+08 -1.785e+08
 3.504e+08 -3.504e+08
 2.916e+08 -2.916e+08
 8.085e+07 -8.085e+07
 3.772e+06 -3.772e+06
 -8.97e+07 8.97e+07
 1.167e+08 -1.167e+08
 -7.038e+08 7.038e+08
 -5.415e+08 5.415e+08
 -3.83e+08 3.83e+08
 3.653e+08 -3.653e+08
 4.056e+08 -4.056e+08
 -2.961e+08 2.961e+08
 -8.764e+08 8.764e+08
 -1.658e+07 1.658e+07
 8.512e+08 -8.512e+08
 3.606e+07 -3.606e+07
 -5.492e+08 5.492e+08
 -5.684e+08 5.684e+08
 -4.981e+08 4.981e+08
 -1.413e+08 1.413e+08
 -1.807e+08 1.807e+08
 5.143e+08 -5.143e+08
 -3.334e+08 3.334e+08
 -1.201e+08 1.201e+08
 -4.988e+07 4.988e+07
 -7.406e+08 7.406e+08
 2.45e+08 -2.45e+08
 4.275e+08 -4.275e+08
 5.431e+07 -5.431e+07
 -4.852e+08 4.852e+08
 -6.481e+08 6.481e+08
 5.063e+08 -5.063e+08
 6.626e+07 -6.626e+07
 1.847e+08 -1.847e+08
 -6.621e+07 6.621e+07
 -1.866e+08 1.866e+08
 6.464e+08 -6.464e+08
 3.464e+08 -3.464e+08
 -6.518e+08 6.518e+08
 -6.437e+08 6.437e+08
 4.34e+08 -4.34e+08
 1.965e+08 -1.965e+08
 -3.914e+07 3.914e+07
 -2.024e+08 2.024e+08
 -5.787e+08 5.787e+08
 -4.458e+06 4.458e+06
 -4.071e+08 4.071e+08
 6.9e+08 -6.9e+08
 6.216e+08 -6.216e+08
 1.184e+08 -1.184e+08
 1.907e+08 -1.907e+08
 1.842e+07 -1.842e+07
 -4.023e+08 4.023e+08
 -3.909e+08 3.909e+08
 -1.124e+08 1.124e+08
 -1.387e+09 1.387e+09
 2.205e+08 -2.205e+08
 6.256e+08 -6.256e+08
 3.418e+08 -3.418e+08
 -2.214e+07 2.214e+07
 6.223e+07 -6.223e+07
 -3.053e+08 3.053e+08
 -1.087e+07 1.087e+07
 3.633e+08 -3.633e+08
 -4.427e+07 4.427e+07
 -3.435e+08 3.435e+08
 3.403e+08 -3.403e+08
 -5.479e+06 5.479e+06
 -7.618e+08 7.618e+08
 -5.56e+08 5.56e+08
 -9.979e+07 9.979e+07
 3.637e+07 -3.637e+07
 -1.608e+08 1.608e+08
 -4.001e+07 4.001e+07
 8.056e+08 -8.056e+08
 -6.23e+08 6.23e+08
 8.025e+07 -8.025e+07
 4.793e+08 -4.793e+08
 -7.261e+08 7.261e+08
 1.979e+06 -1.979e+06
 1.852e+08 -1.852e+08
 -4.117e+08 4.117e+08
 1.286e+06 -1.286e+06
 5.342e+08 -5.342e+08
 2.383e+08 -2.383e+08
 2.624e+07 -2.624e+07
 -2.956e+08 2.956e+08
 2.989e+08 -2.989e+08
 8.414e+08 -8.414e+08
 8.207e+07 -8.207e+07
 6.079e+05 -6.079e+05
 2.499e+08 -2.499e+08
 -5.212e+07 5.212e+07
 -5.401e+07 5.401e+07
 -4.488e+08 4.488e+08
 -9.588e+07 9.588e+07
 -3.994e+08 3.994e+08
 -1.266e+08 1.266e+08
 1.806e+08 -1.806e+08
 -7.619e+08 7.619e+08
