# Created by Octave 4.2.2, Sat Sep 26 20:41:35 2020 CEST <david@david-Lenovo-ideapad-520-15IKB>
# name: w
# type: matrix
# rows: 3
# columns: 2
 1.246e+05 -1.246e+05
 1228 -1228
 -9.558e+04 9.558e+04


