# Created by Octave 4.2.2, Sat Sep 26 20:42:50 2020 CEST <david@david-Lenovo-ideapad-520-15IKB>
# name: w
# type: matrix
# rows: 1281
# columns: 2
 -1900 1900
 -2.592e+05 2.592e+05
 -5.207e+05 5.207e+05
 7.94e+04 -7.94e+04
 -3.421e+05 3.421e+05
 4.654e+05 -4.654e+05
 9487 -9487
 1.437e+06 -1.437e+06
 1.089e+06 -1.089e+06
 7.538e+05 -7.538e+05
 7.913e+05 -7.913e+05
 -7.321e+05 7.321e+05
 -3.28e+05 3.28e+05
 -3.99e+05 3.99e+05
 2.484e+05 -2.484e+05
 3.384e+05 -3.384e+05
 6.122e+05 -6.122e+05
 2.918e+05 -2.918e+05
 -6.492e+04 6.492e+04
 4.7e+05 -4.7e+05
 9947 -9947
 -2.787e+05 2.787e+05
 -2.798e+05 2.798e+05
 -5.498e+05 5.498e+05
 5.075e+05 -5.075e+05
 -1.336e+05 1.336e+05
 -9.861e+04 9.861e+04
 -2.972e+05 2.972e+05
 7.326e+04 -7.326e+04
 3.097e+05 -3.097e+05
 -2.633e+05 2.633e+05
 -2.803e+05 2.803e+05
 1.248e+06 -1.248e+06
 -2.118e+05 2.118e+05
 -7.261e+05 7.261e+05
 2.276e+05 -2.276e+05
 -1.014e+05 1.014e+05
 -1.39e+05 1.39e+05
 -9.245e+05 9.245e+05
 1.057e+06 -1.057e+06
 -3.943e+04 3.943e+04
 -5.06e+05 5.06e+05
 -1.213e+05 1.213e+05
 1.265e+05 -1.265e+05
 -6.843e+05 6.843e+05
 -4.038e+05 4.038e+05
 2.331e+04 -2.331e+04
 -1.317e+05 1.317e+05
 1.668e+05 -1.668e+05
 -4.776e+05 4.776e+05
 -3.198e+05 3.198e+05
 1.378e+05 -1.378e+05
 -2.125e+05 2.125e+05
 2.865e+05 -2.865e+05
 1.006e+06 -1.006e+06
 2.71e+05 -2.71e+05
 -5.787e+05 5.787e+05
 4.693e+05 -4.693e+05
 1.392e+05 -1.392e+05
 -3.066e+05 3.066e+05
 -3.754e+05 3.754e+05
 1.461e+04 -1.461e+04
 2.287e+05 -2.287e+05
 -7.432e+05 7.432e+05
 -7.26e+05 7.26e+05
 -1.75e+05 1.75e+05
 -4.759e+04 4.759e+04
 6.593e+04 -6.593e+04
 1.052e+05 -1.052e+05
 1.166e+06 -1.166e+06
 4.486e+05 -4.486e+05
 1.436e+04 -1.436e+04
 2.018e+05 -2.018e+05
 -2.995e+05 2.995e+05
 3.123e+05 -3.123e+05
 -2.143e+05 2.143e+05
 8.115e+05 -8.115e+05
 7.118e+05 -7.118e+05
 4.662e+05 -4.662e+05
 3.579e+05 -3.579e+05
 -1.561e+04 1.561e+04
 1.852e+05 -1.852e+05
 6.138e+04 -6.138e+04
 1.288e+05 -1.288e+05
 3.826e+04 -3.826e+04
 3.211e+05 -3.211e+05
 8.422e+04 -8.422e+04
 1.353e+05 -1.353e+05
 -7.957e+05 7.957e+05
 1.244e+04 -1.244e+04
 -5.716e+05 5.716e+05
 -8.271e+04 8.271e+04
 1.433e+04 -1.433e+04
 -5864 5864
 -2.001e+05 2.001e+05
 5.197e+05 -5.197e+05
 -1.639e+05 1.639e+05
 -1.377e+04 1.377e+04
 -1.113e+05 1.113e+05
 2.122e+04 -2.122e+04
 -3.895e+04 3.895e+04
 1.758e+05 -1.758e+05
 -7.413e+04 7.413e+04
 -3.455e+05 3.455e+05
 -6.75e+05 6.75e+05
 7.297e+05 -7.297e+05
 2.616e+05 -2.616e+05
 -2.357e+05 2.357e+05
 5.855e+04 -5.855e+04
 2.761e+04 -2.761e+04
 -6.088e+05 6.088e+05
 -4.25e+05 4.25e+05
 2.071e+05 -2.071e+05
 1.266e+05 -1.266e+05
 -7.257e+05 7.257e+05
 -3.649e+05 3.649e+05
 3.635e+05 -3.635e+05
 -9.22e+04 9.22e+04
 -2.39e+05 2.39e+05
 -3.286e+05 3.286e+05
 2.203e+05 -2.203e+05
 2.989e+05 -2.989e+05
 4.897e+04 -4.897e+04
 4.963e+05 -4.963e+05
 2.612e+05 -2.612e+05
 -1.71e+05 1.71e+05
 2.846e+05 -2.846e+05
 3.076e+05 -3.076e+05
 9.299e+04 -9.299e+04
 1.181e+05 -1.181e+05
 2.901e+05 -2.901e+05
 4.002e+05 -4.002e+05
 6.829e+04 -6.829e+04
 -3.883e+05 3.883e+05
 1.436e+05 -1.436e+05
 3.794e+04 -3.794e+04
 -1.775e+05 1.775e+05
 -4.639e+04 4.639e+04
 -1.104e+05 1.104e+05
 1.149e+05 -1.149e+05
 2.249e+05 -2.249e+05
 1.14e+05 -1.14e+05
 -4.382e+04 4.382e+04
 -3.198e+05 3.198e+05
 -7.652e+05 7.652e+05
 -5.255e+05 5.255e+05
 3.375e+05 -3.375e+05
 3.413e+05 -3.413e+05
 4.971e+05 -4.971e+05
 1.749e+05 -1.749e+05
 1.135e+06 -1.135e+06
 -4058 4058
 4.647e+05 -4.647e+05
 6.206e+05 -6.206e+05
 5.768e+05 -5.768e+05
 1.388e+05 -1.388e+05
 -3.294e+05 3.294e+05
 -1.301e+04 1.301e+04
 -1.062e+05 1.062e+05
 -5.198e+05 5.198e+05
 -3.792e+04 3.792e+04
 2.775e+05 -2.775e+05
 -1.659e+06 1.659e+06
 -2.399e+05 2.399e+05
 -2.217e+05 2.217e+05
 -3.613e+05 3.613e+05
 -3.056e+05 3.056e+05
 -3.718e+05 3.718e+05
 -9.843e+04 9.843e+04
 -1.968e+05 1.968e+05
 -7.567e+04 7.567e+04
 1.152e+04 -1.152e+04
 1.033e+06 -1.033e+06
 1.07e+05 -1.07e+05
 -1.319e+05 1.319e+05
 1.42e+05 -1.42e+05
 1.784e+05 -1.784e+05
 1.316e+05 -1.316e+05
 371.9 -371.9
 3.239e+05 -3.239e+05
 3.574e+05 -3.574e+05
 -4.473e+05 4.473e+05
 -2.892e+05 2.892e+05
 -2.371e+05 2.371e+05
 1.282e+05 -1.282e+05
 2.669e+05 -2.669e+05
 2.181e+05 -2.181e+05
 -6.813e+05 6.813e+05
 -6.547e+05 6.547e+05
 -3.226e+05 3.226e+05
 3.599e+05 -3.599e+05
 -2.166e+05 2.166e+05
 -4.602e+04 4.602e+04
 6.394e+04 -6.394e+04
 4.275e+04 -4.275e+04
 2.101e+05 -2.101e+05
 -3.202e+05 3.202e+05
 4.922e+05 -4.922e+05
 7.911e+05 -7.911e+05
 -3.43e+05 3.43e+05
 -4.032e+05 4.032e+05
 -4.099e+05 4.099e+05
 3.744e+05 -3.744e+05
 1.511e+05 -1.511e+05
 -1.073e+05 1.073e+05
 -2.193e+05 2.193e+05
 -7.909e+04 7.909e+04
 -1.759e+05 1.759e+05
 -3.893e+05 3.893e+05
 3.598e+05 -3.598e+05
 -7.932e+05 7.932e+05
 -6.221e+04 6.221e+04
 -4.923e+05 4.923e+05
 -2.701e+05 2.701e+05
 3.279e+05 -3.279e+05
 -7.405e+05 7.405e+05
 -3.786e+04 3.786e+04
 -5.855e+05 5.855e+05
 1.763e+05 -1.763e+05
 -4.044e+05 4.044e+05
 -9.745e+05 9.745e+05
 3.08e+05 -3.08e+05
 9.437e+04 -9.437e+04
 3.19e+05 -3.19e+05
 -1.973e+05 1.973e+05
 -1596 1596
 1.68e+05 -1.68e+05
 3.991e+05 -3.991e+05
 5.191e+05 -5.191e+05
 8.46e+04 -8.46e+04
 -2.743e+05 2.743e+05
 1.218e+06 -1.218e+06
 -4.859e+05 4.859e+05
 -2.192e+05 2.192e+05
 -2.085e+05 2.085e+05
 -3.761e+05 3.761e+05
 2.971e+05 -2.971e+05
 3.977e+04 -3.977e+04
 -3.902e+05 3.902e+05
 -4.065e+05 4.065e+05
 -4.39e+04 4.39e+04
 2.847e+05 -2.847e+05
 -1.008e+05 1.008e+05
 2.158e+05 -2.158e+05
 -6.687e+05 6.687e+05
 -5.545e+05 5.545e+05
 2.153e+04 -2.153e+04
 -4.758e+04 4.758e+04
 -1.922e+05 1.922e+05
 -8.126e+04 8.126e+04
 1.684e+05 -1.684e+05
 -1.778e+05 1.778e+05
 1.328e+05 -1.328e+05
 -6.211e+05 6.211e+05
 1.58e+04 -1.58e+04
 -3.247e+05 3.247e+05
 -2.324e+05 2.324e+05
 -7.284e+05 7.284e+05
 4.191e+05 -4.191e+05
 1.785e+05 -1.785e+05
 3.504e+05 -3.504e+05
 2.916e+05 -2.916e+05
 8.085e+04 -8.085e+04
 3772 -3772
 -8.97e+04 8.97e+04
 1.167e+05 -1.167e+05
 -7.038e+05 7.038e+05
 -5.415e+05 5.415e+05
 -3.83e+05 3.83e+05
 3.653e+05 -3.653e+05
 4.056e+05 -4.056e+05
 -2.961e+05 2.961e+05
 -8.764e+05 8.764e+05
 -1.658e+04 1.658e+04
 8.512e+05 -8.512e+05
 3.606e+04 -3.606e+04
 -5.492e+05 5.492e+05
 -5.684e+05 5.684e+05
 -4.981e+05 4.981e+05
 -1.413e+05 1.413e+05
 -1.807e+05 1.807e+05
 5.143e+05 -5.143e+05
 -3.334e+05 3.334e+05
 -1.201e+05 1.201e+05
 -4.988e+04 4.988e+04
 -7.406e+05 7.406e+05
 2.45e+05 -2.45e+05
 4.275e+05 -4.275e+05
 5.431e+04 -5.431e+04
 -4.852e+05 4.852e+05
 -6.481e+05 6.481e+05
 5.063e+05 -5.063e+05
 6.626e+04 -6.626e+04
 1.847e+05 -1.847e+05
 -6.621e+04 6.621e+04
 -1.866e+05 1.866e+05
 6.464e+05 -6.464e+05
 3.464e+05 -3.464e+05
 -6.518e+05 6.518e+05
 -6.437e+05 6.437e+05
 4.34e+05 -4.34e+05
 1.965e+05 -1.965e+05
 -3.914e+04 3.914e+04
 -2.024e+05 2.024e+05
 -5.787e+05 5.787e+05
 -4458 4458
 -4.071e+05 4.071e+05
 6.9e+05 -6.9e+05
 6.216e+05 -6.216e+05
 1.184e+05 -1.184e+05
 1.907e+05 -1.907e+05
 1.842e+04 -1.842e+04
 -4.023e+05 4.023e+05
 -3.909e+05 3.909e+05
 -1.124e+05 1.124e+05
 -1.387e+06 1.387e+06
 2.205e+05 -2.205e+05
 6.256e+05 -6.256e+05
 3.418e+05 -3.418e+05
 -2.214e+04 2.214e+04
 6.223e+04 -6.223e+04
 -3.053e+05 3.053e+05
 -1.087e+04 1.087e+04
 3.633e+05 -3.633e+05
 -4.427e+04 4.427e+04
 -3.435e+05 3.435e+05
 3.403e+05 -3.403e+05
 -5479 5479
 -7.618e+05 7.618e+05
 -5.56e+05 5.56e+05
 -9.979e+04 9.979e+04
 3.637e+04 -3.637e+04
 -1.608e+05 1.608e+05
 -4.001e+04 4.001e+04
 8.056e+05 -8.056e+05
 -6.23e+05 6.23e+05
 8.025e+04 -8.025e+04
 4.793e+05 -4.793e+05
 -7.261e+05 7.261e+05
 1979 -1979
 1.852e+05 -1.852e+05
 -4.117e+05 4.117e+05
 1286 -1286
 5.342e+05 -5.342e+05
 2.383e+05 -2.383e+05
 2.624e+04 -2.624e+04
 -2.956e+05 2.956e+05
 2.989e+05 -2.989e+05
 8.414e+05 -8.414e+05
 8.207e+04 -8.207e+04
 607.9 -607.9
 2.499e+05 -2.499e+05
 -5.212e+04 5.212e+04
 -5.401e+04 5.401e+04
 -4.488e+05 4.488e+05
 -9.588e+04 9.588e+04
 -3.994e+05 3.994e+05
 -1.266e+05 1.266e+05
 1.806e+05 -1.806e+05
 -7.619e+05 7.619e+05
 7.03e+04 -7.03e+04
 -1.756e+05 1.756e+05
 -5.957e+05 5.957e+05
 -1.838e+05 1.838e+05
 1.699e+05 -1.699e+05
