# Created by Octave 4.2.2, Mon Sep 28 11:24:54 2020 CEST <david@david-Lenovo-ideapad-520-15IKB>
# name: w
# type: matrix
# rows: 5
# columns: 3
 -4e+05 5e+05 -3e+06
 -3.82e+06 -4.02e+06 -7.78e+06
 2.2e+05 -2.38e+06 -5.32e+06
 -8.05e+06 -3.25e+06 7.2e+05
 -3.16e+06 -4.55e+06 4.48e+06


