# Created by Octave 4.2.2, Mon Sep 28 11:49:31 2020 CEST <david@david-Lenovo-ideapad-520-15IKB>
# name: w
# type: matrix
# rows: 101
# columns: 20
 -1.846e+07 -1.845e+07 -1.846e+07 -1.844e+07 -1.845e+07 -1.846e+07 -1.847e+07 -1.847e+07 -1.848e+07 -1.846e+07 -1.847e+07 -1.847e+07 -1.844e+07 -1.845e+07 -1.846e+07 -1.844e+07 -1.845e+07 -1.847e+07 -1.846e+07 -1.847e+07
 -1.454e+06 -1.443e+06 -1.443e+06 -1.443e+06 -1.442e+06 -1.442e+06 -1.44e+06 -1.445e+06 -1.443e+06 -1.444e+06 -1.443e+06 -1.432e+06 -1.448e+06 -1.454e+06 -1.439e+06 -1.446e+06 -1.423e+06 -1.444e+06 -1.42e+06 -1.445e+06
 -2.804e+05 -2.803e+05 -2.74e+05 -2.767e+05 -2.791e+05 -2.685e+05 -2.677e+05 -2.705e+05 -2.686e+05 -2.67e+05 -2.693e+05 -2.231e+05 -2.682e+05 -2.793e+05 -2.79e+05 -2.723e+05 -2.658e+05 -2.572e+05 -2.824e+05 -2.804e+05
 -3.692e+05 -3.559e+05 -3.526e+05 -3.493e+05 -3.579e+05 -3.564e+05 -3.578e+05 -3.71e+05 -3.523e+05 -3.609e+05 -3.558e+05 -3.59e+05 -3.517e+05 -3.607e+05 -3.478e+05 -3.554e+05 -2.859e+05 -3.66e+05 -3.352e+05 -3.568e+05
 -7.589e+04 -6.979e+04 -7.12e+04 -7.11e+04 -7.003e+04 -6.731e+04 -6.523e+04 -7.292e+04 -6.741e+04 -7.175e+04 -6.721e+04 -7.291e+04 -7.666e+04 -7.803e+04 -7.101e+04 -7.281e+04 -8.308e+04 -3060 -3.063e+04 -6.263e+04
 -1.267e+06 -1.271e+06 -1.271e+06 -1.272e+06 -1.27e+06 -1.271e+06 -1.27e+06 -1.265e+06 -1.27e+06 -1.271e+06 -1.273e+06 -1.261e+06 -1.261e+06 -1.277e+06 -1.273e+06 -1.271e+06 -1.264e+06 -1.27e+06 -1.262e+06 -1.267e+06
 -6.502e+05 -6.58e+05 -6.644e+05 -6.585e+05 -6.599e+05 -6.553e+05 -6.389e+05 -6.596e+05 -6.496e+05 -6.148e+05 -6.062e+05 -6.596e+05 -6.568e+05 -6.658e+05 -6.619e+05 -6.676e+05 -6.591e+05 -6.56e+05 -6.608e+05 -6.517e+05
 -8.843e+04 -8.005e+04 -7.792e+04 -7.912e+04 -7.935e+04 -7.709e+04 -7.665e+04 -8.037e+04 -7.204e+04 -9.12e+04 -8.25e+04 -7.612e+04 -8.058e+04 -8.03e+04 -7.811e+04 -7.383e+04 -9.326e+04 2.93e+04 -5.667e+04 -6.346e+04
 -7.144e+04 -6.437e+04 -6.492e+04 -7.141e+04 -7.494e+04 -6.387e+04 -5.823e+04 -6.393e+04 -6.445e+04 -6.441e+04 -6.24e+04 6.686e+04 -9.351e+04 -7.013e+04 -3.521e+04 -6.986e+04 -7.079e+04 -6.536e+04 -9.73e+04 -6.857e+04
 -4.418e+05 -4.388e+05 -4.33e+05 -4.374e+05 -4.312e+05 -4.377e+05 -4.164e+05 -4.338e+05 -4.334e+05 -4.059e+05 -4.178e+05 -4.326e+05 -4.307e+05 -4.356e+05 -4.343e+05 -4.381e+05 -4.366e+05 -4.326e+05 -4.437e+05 -4.37e+05
 -3.202e+04 -3.202e+04 -3.002e+04 -3.598e+04 -3.621e+04 -3.548e+04 -2.986e+04 -3.334e+04 -3.088e+04 -3.402e+04 -3.122e+04 2.742e+04 -4.333e+04 -3.115e+04 -3.339e+04 -3.128e+04 -2.304e+04 -3.22e+04 -3.211e+04 -3.69e+04
 -6.118e+05 -6.038e+05 -6.048e+05 -6.041e+05 -6.046e+05 -6.017e+05 -5.997e+05 -6.042e+05 -6.006e+05 -6.056e+05 -6.013e+05 -6.005e+05 -6.1e+05 -6.148e+05 -6.04e+05 -6.136e+05 -5.592e+05 -6.02e+05 -6.01e+05 -5.846e+05
 -2.159e+05 -2.089e+05 -2.149e+05 -2.169e+05 -2.186e+05 -2.133e+05 -1.924e+05 -2.192e+05 -2.124e+05 -1.75e+05 -1.658e+05 -2.115e+05 -1.939e+05 -2.185e+05 -2.239e+05 -2.157e+05 -2.14e+05 -2.127e+05 -2.148e+05 -2.135e+05
 -1.012e+05 -6.317e+04 -1.195e+05 -1.095e+05 -9.381e+04 4.666e+04 -8.503e+04 -8.484e+04 -8.243e+04 -8.78e+04 -8.193e+04 -8.908e+04 -9.898e+04 -8.798e+04 -9.281e+04 -1.036e+05 -8.472e+04 -8.761e+04 -1.033e+05 -7.445e+04
 -2.471e+05 -2.597e+05 -2.527e+05 -2.022e+05 -2.22e+05 -2.554e+05 -2.31e+05 -2.486e+05 -2.458e+05 -2.448e+05 -2.463e+05 -2.452e+05 -2.553e+05 -2.516e+05 -2.47e+05 -2.466e+05 -2.476e+05 -2.464e+05 -2.504e+05 -2.493e+05
 -6.209e+05 -6.25e+05 -6.26e+05 -6.27e+05 -6.279e+05 -6.257e+05 -6.249e+05 -6.266e+05 -6.268e+05 -6.26e+05 -6.251e+05 -6.282e+05 -6.291e+05 -6.323e+05 -6.286e+05 -6.429e+05 -6.309e+05 -6.303e+05 -6.182e+05 -6.046e+05
 -7.072e+05 -7.131e+05 -7.135e+05 -7.151e+05 -7.15e+05 -7.112e+05 -7.08e+05 -7.078e+05 -7.09e+05 -7.138e+05 -7.07e+05 -7.044e+05 -7.181e+05 -7.15e+05 -7.134e+05 -7.131e+05 -7.03e+05 -7.022e+05 -6.881e+05 -7.042e+05
 -3.517e+05 -3.451e+05 -3.446e+05 -3.486e+05 -3.478e+05 -3.405e+05 -3.385e+05 -3.418e+05 -3.344e+05 -3.442e+05 -3.358e+05 -3.41e+05 -3.459e+05 -3.464e+05 -3.435e+05 -3.478e+05 -2.952e+05 -3.403e+05 -3.379e+05 -3.173e+05
 -4.34e+05 -4.291e+05 -4.292e+05 -4.279e+05 -4.331e+05 -4.271e+05 -4.264e+05 -4.282e+05 -4.288e+05 -4.36e+05 -4.257e+05 -4.322e+05 -4.3e+05 -4.308e+05 -4.308e+05 -4.317e+05 -4.35e+05 -3.843e+05 -4.215e+05 -4.243e+05
 -1.792e+06 -1.801e+06 -1.8e+06 -1.802e+06 -1.803e+06 -1.801e+06 -1.801e+06 -1.801e+06 -1.802e+06 -1.802e+06 -1.803e+06 -1.802e+06 -1.801e+06 -1.793e+06 -1.803e+06 -1.804e+06 -1.811e+06 -1.801e+06 -1.793e+06 -1.784e+06
 -9.167e+05 -9.295e+05 -9.292e+05 -9.301e+05 -9.315e+05 -9.291e+05 -9.285e+05 -9.305e+05 -9.305e+05 -9.327e+05 -9.291e+05 -9.281e+05 -9.311e+05 -9.335e+05 -9.292e+05 -9.293e+05 -9.264e+05 -9.346e+05 -9.342e+05 -9.2e+05
 -9.487e+05 -9.4e+05 -9.395e+05 -9.39e+05 -9.425e+05 -9.397e+05 -9.372e+05 -9.369e+05 -9.354e+05 -9.415e+05 -9.394e+05 -9.385e+05 -9.422e+05 -9.331e+05 -9.399e+05 -9.344e+05 -9.282e+05 -9.359e+05 -9.269e+05 -9.33e+05
 -7.429e+05 -7.533e+05 -7.49e+05 -7.72e+05 -6.702e+05 -7.559e+05 -7.386e+05 -7.48e+05 -7.41e+05 -7.523e+05 -7.405e+05 -7.372e+05 -7.464e+05 -7.395e+05 -7.479e+05 -7.567e+05 -7.583e+05 -7.482e+05 -7.573e+05 -7.094e+05
 -7.001e+05 -7.194e+05 -7.218e+05 -7.236e+05 -7.244e+05 -7.237e+05 -7.206e+05 -7.241e+05 -7.224e+05 -7.24e+05 -7.216e+05 -7.268e+05 -7.158e+05 -7.291e+05 -6.9e+05 -7.294e+05 -7.271e+05 -7.182e+05 -7.335e+05 -7.063e+05
 -1.608e+06 -1.588e+06 -1.605e+06 -1.589e+06 -1.593e+06 -1.593e+06 -1.596e+06 -1.603e+06 -1.602e+06 -1.602e+06 -1.606e+06 -1.605e+06 -1.589e+06 -1.6e+06 -1.593e+06 -1.601e+06 -1.603e+06 -1.601e+06 -1.608e+06 -1.606e+06
 -1.814e+05 -1.741e+05 -1.727e+05 -1.41e+05 -1.79e+05 -1.728e+05 -1.688e+05 -1.667e+05 -1.669e+05 -1.194e+05 -1.263e+05 -1.718e+05 -1.726e+05 -1.779e+05 -1.641e+05 -1.775e+05 -1.685e+05 -1.695e+05 -1.731e+05 -1.76e+05
 -1.475e+05 -1.42e+05 -1.419e+05 -1.435e+05 -1.481e+05 -1.372e+05 -1.29e+05 -1.354e+05 -1.364e+05 -5.114e+04 -5.422e+04 -1.33e+05 -1.491e+05 -1.42e+05 -1.391e+05 -1.409e+05 -1.447e+05 -1.384e+05 -1.538e+05 -1.468e+05
 -1.663e+06 -1.657e+06 -1.658e+06 -1.659e+06 -1.662e+06 -1.657e+06 -1.664e+06 -1.664e+06 -1.66e+06 -1.666e+06 -1.664e+06 -1.659e+06 -1.642e+06 -1.654e+06 -1.66e+06 -1.661e+06 -1.664e+06 -1.659e+06 -1.662e+06 -1.659e+06
 -6.409e+05 -6.562e+05 -6.567e+05 -6.556e+05 -6.573e+05 -6.535e+05 -6.531e+05 -6.549e+05 -6.511e+05 -6.552e+05 -6.509e+05 -6.56e+05 -6.549e+05 -6.581e+05 -6.563e+05 -6.289e+05 -6.581e+05 -6.526e+05 -6.71e+05 -6.206e+05
 -1.231e+06 -1.226e+06 -1.22e+06 -1.183e+06 -1.242e+06 -1.218e+06 -1.222e+06 -1.228e+06 -1.225e+06 -1.229e+06 -1.226e+06 -1.231e+06 -1.211e+06 -1.226e+06 -1.225e+06 -1.229e+06 -1.229e+06 -1.227e+06 -1.228e+06 -1.227e+06
 -1.696e+06 -1.689e+06 -1.695e+06 -1.691e+06 -1.688e+06 -1.683e+06 -1.685e+06 -1.68e+06 -1.685e+06 -1.658e+06 -1.683e+06 -1.688e+06 -1.692e+06 -1.67e+06 -1.678e+06 -1.686e+06 -1.684e+06 -1.685e+06 -1.688e+06 -1.697e+06
 -3.305e+05 -3.217e+05 -3.209e+05 -3.227e+05 -3.179e+05 -3.235e+05 -3.193e+05 -3.258e+05 -3.164e+05 -3.18e+05 -3.173e+05 -3.242e+05 -3.298e+05 -3.299e+05 -3.215e+05 -3.406e+05 -2.547e+05 -3.034e+05 -3.232e+05 -3.105e+05
 -2.968e+05 -2.96e+05 -2.984e+05 -3.027e+05 -2.975e+05 -2.958e+05 -2.84e+05 -2.899e+05 -2.842e+05 -2.292e+05 -2.312e+05 -2.887e+05 -3.094e+05 -2.992e+05 -2.822e+05 -2.984e+05 -2.912e+05 -2.868e+05 -3.038e+05 -2.838e+05
 -2.55e+05 -2.385e+05 -2.356e+05 -2.354e+05 -2.387e+05 -2.312e+05 -2.272e+05 -2.304e+05 -2.275e+05 -2.32e+05 -2.273e+05 -2.328e+05 -2.391e+05 -2.345e+05 -2.38e+05 -1.776e+05 -2.369e+05 -2.449e+05 -2.507e+05 -1.952e+05
 -7.118e+05 -7.045e+05 -7.044e+05 -7.052e+05 -7.055e+05 -7.054e+05 -7.049e+05 -7.048e+05 -7.055e+05 -7.062e+05 -7.038e+05 -7.08e+05 -6.986e+05 -7.016e+05 -7.065e+05 -6.994e+05 -6.808e+05 -7.052e+05 -7.029e+05 -7.01e+05
 -1.41e+05 -1.349e+05 -1.298e+05 -1.382e+05 -1.327e+05 -1.264e+05 -1.124e+05 -1.23e+05 -1.169e+05 -2.505e+04 -1.09e+05 -1.239e+05 -1.419e+05 -1.349e+05 -1.274e+05 -1.36e+05 -1.318e+05 -1.188e+05 -1.451e+05 -1.272e+05
