# Created by Octave 4.2.2, Sat Sep 26 20:38:39 2020 CEST <david@david-Lenovo-ideapad-520-15IKB>
# name: w
# type: matrix
# rows: 197
# columns: 10
 -1.992e+05 -1.848e+05 -1.95e+05 -2.019e+05 -1.895e+05 -1.793e+05 -1.876e+05 -1.912e+05 -2.223e+05 -1.944e+05
 0 0 0 0 0 0 0 0 0 0
 0 0 0 0 0 0 0 0 0 0
 -1252 -923.9 -2433 -2618 -965.7 1528 -922.5 -1386 -2246 -1419
 -2656 -7895 -4694 -5032 -3494 -1732 -1963 9270 -5208 -6389
 -4010 -1.131e+04 -4126 -9346 -3806 -6283 -5486 1.309e+04 -7308 -1.259e+04
 -1.292e+04 -1.704e+04 -1.188e+04 -1.326e+04 -5415 -1.667e+04 -1.165e+04 571.6 -7307 -2.597e+04
 -2.217e+04 -2.913e+04 -2.188e+04 -2.003e+04 -2.704e+04 -3.185e+04 -3.027e+04 -2.051e+04 -2.287e+04 -2.801e+04
 -4.419e+04 -4.633e+04 -4.679e+04 -4.187e+04 -5.162e+04 -4.878e+04 -4.667e+04 -5.92e+04 -4.031e+04 -2.439e+04
 -5.511e+04 -4.785e+04 -5.307e+04 -5.519e+04 -6.316e+04 -5.324e+04 -5.47e+04 -6.504e+04 -5.058e+04 -3.934e+04
 -5.735e+04 -4.954e+04 -5.003e+04 -5.372e+04 -6.441e+04 -6.002e+04 -5.347e+04 -5.724e+04 -5.54e+04 -4.294e+04
 -4.898e+04 -4.455e+04 -5.054e+04 -4.9e+04 -4.089e+04 -4.991e+04 -5.094e+04 -4.601e+04 -4.931e+04 -5.318e+04
 -2.67e+04 -1.626e+04 -3.005e+04 -3.095e+04 -2.074e+04 -1.617e+04 -2.38e+04 -1.779e+04 -3.02e+04 -2.739e+04
 -1.387e+04 -4069 -1.254e+04 -1.739e+04 -3508 7713 -1.494e+04 -1.051e+04 -1.172e+04 -9257
 -590 -380 -360 -780 -70 690 -700 -280 -520 -910
 -68.2 -148.8 -564.2 -1240 -186 -161.2 -62 1240 -260.4 -1240
 -396.6 -1312 -622.1 -2404 719 -308.4 -399.9 1913 -577.4 -807.2
 -6026 -9353 -4483 -8115 -5081 -3632 -6128 6433 -1.137e+04 -9464
 -2.021e+04 -2.583e+04 -1.995e+04 -1.853e+04 -1.995e+04 -1.17e+04 -1.958e+04 1701 -1.758e+04 -3.016e+04
 -4.567e+04 -6.001e+04 -4.546e+04 -4.099e+04 -3.873e+04 -4.172e+04 -5.436e+04 -2.608e+04 -4.366e+04 -6.429e+04
 -7.515e+04 -9.193e+04 -7.668e+04 -7.195e+04 -7.381e+04 -7.395e+04 -7.9e+04 -5.049e+04 -7.913e+04 -7.901e+04
 -1.011e+05 -1.177e+05 -9.926e+04 -9.52e+04 -1.095e+05 -1.05e+05 -1.078e+05 -8.43e+04 -9.608e+04 -8.825e+04
 -1.174e+05 -1.311e+05 -1.153e+05 -1.151e+05 -1.388e+05 -1.226e+05 -1.217e+05 -1.055e+05 -1.078e+05 -9.479e+04
 -1.259e+05 -1.372e+05 -1.308e+05 -1.316e+05 -1.521e+05 -1.343e+05 -1.314e+05 -1.177e+05 -1.222e+05 -1.029e+05
 -1.321e+05 -1.338e+05 -1.347e+05 -1.361e+05 -1.493e+05 -1.295e+05 -1.386e+05 -1.211e+05 -1.249e+05 -1.161e+05
 -1.079e+05 -1.098e+05 -1.127e+05 -1.093e+05 -9.951e+04 -1.03e+05 -1.078e+05 -8.657e+04 -1.163e+05 -1.14e+05
 -7.376e+04 -6.455e+04 -7.658e+04 -6.792e+04 -6.122e+04 -5.538e+04 -7.44e+04 -5.876e+04 -7.909e+04 -7.679e+04
 -2.96e+04 -1.998e+04 -2.647e+04 -1.867e+04 -1.82e+04 2096 -3.025e+04 -2.327e+04 -3.058e+04 -2.585e+04
 -4813 -3031 -4018 -6920 -4190 7539 -4610 -1655 -4170 -5569
 -1236 -1281 -377.9 1544 -487.6 -1281 -212.1 -541.4 -552.2 -1205
 -4041 -2879 683.2 -2523 -1605 -3599 -4867 -1997 -3861 -3962
 -1.303e+04 -1.421e+04 -1.054e+04 -1.658e+04 -1.448e+04 -1.302e+04 -1.546e+04 -9077 -7223 -1.499e+04
 -3.609e+04 -3.944e+04 -3.544e+04 -3.255e+04 -3.737e+04 -2.841e+04 -3.899e+04 -2.045e+04 -2.951e+04 -4.654e+04
 -7.439e+04 -8.656e+04 -7.041e+04 -7.166e+04 -7.388e+04 -7.361e+04 -8.377e+04 -6.196e+04 -7.696e+04 -7.224e+04
 -8.922e+04 -1.084e+05 -8.905e+04 -9.07e+04 -9.573e+04 -9.347e+04 -9.631e+04 -8.672e+04 -8.897e+04 -8.155e+04
 -8.465e+04 -9.808e+04 -8.781e+04 -8.84e+04 -9.209e+04 -8.232e+04 -9.203e+04 -6.602e+04 -7.611e+04 -8.913e+04
 -7.569e+04 -7.592e+04 -7.405e+04 -7.631e+04 -9.038e+04 -7.498e+04 -8.076e+04 -6.128e+04 -7.992e+04 -8.075e+04
 -7.201e+04 -7.316e+04 -7.318e+04 -7.432e+04 -9.525e+04 -7.732e+04 -8.896e+04 -6.868e+04 -9.052e+04 -8.841e+04
 -1.034e+05 -1.12e+05 -1.141e+05 -1.182e+05 -1.174e+05 -1.161e+05 -1.248e+05 -1.116e+05 -1.088e+05 -1.13e+05
 -1.052e+05 -1.123e+05 -1.11e+05 -1.08e+05 -9.985e+04 -1.128e+05 -1.191e+05 -9.67e+04 -1.105e+05 -1.133e+05
 -6.295e+04 -6.413e+04 -6.863e+04 -4.8e+04 -6.148e+04 -5.775e+04 -6.559e+04 -4.973e+04 -5.463e+04 -5.98e+04
 -3.031e+04 -2.667e+04 -2.99e+04 -1.558e+04 -3.097e+04 -1.265e+04 -2.691e+04 -2.199e+04 -1.572e+04 -2.752e+04
 -1.108e+04 -6771 -7738 -5147 -7100 5558 -6995 -4908 -4158 -7797
 -338.6 -593.2 2578 -296.3 -2212 -655.5 -2355 -430.9 -2448 -611.6
 -2879 -2131 787.9 -3033 -3207 -2182 -4583 -2514 -2332 -1475
 -1.693e+04 -1.799e+04 -1.562e+04 -2.452e+04 -2.139e+04 -1.279e+04 -2.122e+04 -1.261e+04 -1.255e+04 -2.222e+04
 -4.788e+04 -5.478e+04 -4.252e+04 -6.223e+04 -5.425e+04 -4.533e+04 -5.843e+04 -4.786e+04 -4.811e+04 -4.059e+04
 -8.365e+04 -9.624e+04 -7.647e+04 -8.232e+04 -7.587e+04 -7.59e+04 -8.372e+04 -7.541e+04 -8.5e+04 -7.087e+04
 -7.119e+04 -8.432e+04 -6.888e+04 -7.365e+04 -6.583e+04 -7.067e+04 -7.828e+04 -6.554e+04 -6.672e+04 -7.329e+04
 -5.452e+04 -6.453e+04 -5.98e+04 -6.838e+04 -6.392e+04 -4.76e+04 -5.361e+04 -5.394e+04 -5.752e+04 -5.177e+04
 -3.332e+04 -4.598e+04 -4.546e+04 -5.432e+04 -5.883e+04 -3.075e+04 -5.555e+04 -4.812e+04 -6.675e+04 -4.406e+04
 -5.785e+04 -5.919e+04 -7.337e+04 -6.64e+04 -7.547e+04 -6.454e+04 -7.942e+04 -5.852e+04 -8.244e+04 -7.464e+04
 -1.109e+05 -1.11e+05 -1.217e+05 -1.215e+05 -1.129e+05 -1.156e+05 -1.272e+05 -1.074e+05 -1.171e+05 -1.147e+05
 -8.912e+04 -9.844e+04 -1.011e+05 -9.123e+04 -1e+05 -9.803e+04 -1.141e+05 -8.843e+04 -9.451e+04 -9.444e+04
 -4.82e+04 -5.569e+04 -5.51e+04 -4.086e+04 -5.124e+04 -5.364e+04 -5.856e+04 -5.456e+04 -3.898e+04 -4.65e+04
 -2.202e+04 -2.552e+04 -2.682e+04 -3813 -2.834e+04 -2.323e+04 -2.485e+04 -2.045e+04 -1.708e+04 -2.422e+04
 -6246 -9453 -4877 1439 -9075 -5642 -8801 -4795 -5462 -6852
 -1950 -1910 2360 -400 -1740 -2000 -750 -470 -1650 -640
 -1630 -3936 -488.2 -3962 -4367 -3551 -5405 -6319 -4495 -2077
 -2.183e+04 -2.221e+04 -2.637e+04 -3.031e+04 -2.647e+04 -1.138e+04 -2.327e+04 -2.576e+04 -1.649e+04 -1.682e+04
 -5.375e+04 -6.485e+04 -6.406e+04 -7.54e+04 -5.973e+04 -5.096e+04 -5.671e+04 -6.093e+04 -5.874e+04 -3.479e+04
 -6.952e+04 -8.655e+04 -7.607e+04 -8.252e+04 -6.031e+04 -6.714e+04 -7.779e+04 -7.565e+04 -7.021e+04 -6.624e+04
 -6.627e+04 -6.958e+04 -5.702e+04 -7.685e+04 -5.919e+04 -5.463e+04 -6.904e+04 -7.345e+04 -6.314e+04 -5.57e+04
 -5.409e+04 -6.527e+04 -6.068e+04 -6.731e+04 -5.841e+04 -4.228e+04 -5.715e+04 -6.556e+04 -5.249e+04 -4.59e+04
 -6.377e+04 -5.659e+04 -6.719e+04 -6.07e+04 -6.364e+04 -5.702e+04 -5.872e+04 -7.153e+04 -5.636e+04 -4.482e+04
 -9.264e+04 -7.378e+04 -9.283e+04 -8.214e+04 -8.73e+04 -1.135e+05 -9.714e+04 -9.174e+04 -1.027e+05 -8.666e+04
 -1.001e+05 -1.107e+05 -1.1e+05 -9.999e+04 -1.004e+05 -1.355e+05 -1.229e+05 -1.091e+05 -1.096e+05 -1.098e+05
 -5.416e+04 -6.892e+04 -6.94e+04 -7.06e+04 -7.123e+04 -8.116e+04 -8.258e+04 -7.032e+04 -6.679e+04 -5.803e+04
 -1.594e+04 -3.248e+04 -3.362e+04 -1.797e+04 -2.724e+04 -4.517e+04 -4.042e+04 -3.153e+04 -2.405e+04 -2.416e+04
 1236 -9427 -6129 623.8 -8018 -2.485e+04 -1.089e+04 -8669 -4810 -6529
 5231 -761.8 -669 -1003 -680.3 -5728 -977.2 -649.1 -766.4 -574.5
 -395.7 -406.3 439.4 -55.9 -376.4 -433.1 -154.8 -76.6 -295.1 -136.4
 -248.8 -6354 -5779 -8142 784.8 -5436 -3282 -6976 -2862 -6997
 -2.288e+04 -3.144e+04 -3.77e+04 -3.638e+04 -1.596e+04 -2.193e+04 -2.341e+04 -2.913e+04 -2.412e+04 -2.471e+04
 -5.242e+04 -6.223e+04 -7.037e+04 -6.869e+04 -4.633e+04 -4.664e+04 -5.416e+04 -6.856e+04 -5.171e+04 -4.433e+04
 -6.954e+04 -7.631e+04 -9.12e+04 -8.152e+04 -6.041e+04 -6.365e+04 -7.121e+04 -8.336e+04 -6.076e+04 -5.937e+04
 -6.368e+04 -7.228e+04 -7.615e+04 -7.324e+04 -5.4e+04 -6.396e+04 -6.776e+04 -8.318e+04 -5.95e+04 -5.925e+04
 -6.505e+04 -6.552e+04 -7.638e+04 -6.72e+04 -6.316e+04 -5.836e+04 -7.19e+04 -8.225e+04 -6.855e+04 -5.273e+04
 -1.068e+05 -8.22e+04 -9.854e+04 -9.134e+04 -9.625e+04 -1e+05 -1.041e+05 -1.06e+05 -9.594e+04 -8.361e+04
 -1.246e+05 -1.128e+05 -1.154e+05 -1.074e+05 -1.09e+05 -1.224e+05 -1.267e+05 -1.179e+05 -1.189e+05 -1.087e+05
 -9.075e+04 -8.346e+04 -8.719e+04 -7.877e+04 -8.719e+04 -9.639e+04 -9.806e+04 -8.48e+04 -8.959e+04 -7.85e+04
 -4.017e+04 -4.321e+04 -4.387e+04 -4.016e+04 -4.395e+04 -5.173e+04 -5.777e+04 -4.615e+04 -4.606e+04 -2.84e+04
