# Created by Octave 4.2.2, Mon Sep 28 11:27:43 2020 CEST <david@david-Lenovo-ideapad-520-15IKB>
# name: w
# type: matrix
# rows: 2001
# columns: 2
 0 0
 8.875e+05 -8.875e+05
 4.066e+04 -4.066e+04
 1.283e+06 -1.283e+06
 3.152e+05 -3.152e+05
 3.176e+05 -3.176e+05
 7.973e+05 -7.973e+05
 1.238e+05 -1.238e+05
 7.092e+05 -7.092e+05
 -1.76e+05 1.76e+05
 -3.485e+05 3.485e+05
 1.612e+05 -1.612e+05
 -1.808e+05 1.808e+05
 1.25e+05 -1.25e+05
 -5.083e+05 5.083e+05
 -7.495e+05 7.495e+05
 3.932e+05 -3.932e+05
 -5.158e+05 5.158e+05
 5.876e+05 -5.876e+05
 -3.872e+05 3.872e+05
 -2.877e+05 2.877e+05
 -4.904e+05 4.904e+05
 -3.95e+04 3.95e+04
 -7.925e+04 7.925e+04
 -8.414e+04 8.414e+04
 -8.622e+05 8.622e+05
 1.262e+05 -1.262e+05
 1.733e+05 -1.733e+05
 -9.536e+04 9.536e+04
 3.689e+05 -3.689e+05
 -4.33e+05 4.33e+05
 -2.482e+05 2.482e+05
 3.139e+05 -3.139e+05
 -3.808e+05 3.808e+05
 4.736e+05 -4.736e+05
 -1.21e+06 1.21e+06
 -1.452e+06 1.452e+06
 -4.409e+05 4.409e+05
 -4.999e+05 4.999e+05
 -6.628e+05 6.628e+05
 -1.252e+05 1.252e+05
 4.342e+05 -4.342e+05
 -2.732e+05 2.732e+05
 -8.666e+05 8.666e+05
 -2.337e+05 2.337e+05
 2.06e+05 -2.06e+05
 -4.982e+05 4.982e+05
 1.225e+06 -1.225e+06
 -3.699e+04 3.699e+04
 3.58e+05 -3.58e+05
 2.331e+05 -2.331e+05
 -2.379e+05 2.379e+05
 1.232e+05 -1.232e+05
 -1.304e+06 1.304e+06
 2.367e+04 -2.367e+04
 9.877e+05 -9.877e+05
 -3.738e+05 3.738e+05
 2.935e+05 -2.935e+05
 -4.057e+05 4.057e+05
 -5.139e+05 5.139e+05
 -1.302e+04 1.302e+04
 -2.421e+05 2.421e+05
 -2.133e+05 2.133e+05
 7.428e+05 -7.428e+05
 -7.227e+04 7.227e+04
 -3.766e+05 3.766e+05
 6.299e+05 -6.299e+05
 -7.441e+05 7.441e+05
 9.185e+05 -9.185e+05
 3.102e+05 -3.102e+05
 1.512e+05 -1.512e+05
 -1.287e+06 1.287e+06
 -1.649e+04 1.649e+04
 4.766e+05 -4.766e+05
 6.817e+05 -6.817e+05
 -1.017e+06 1.017e+06
 -2.362e+06 2.362e+06
 -8.511e+05 8.511e+05
 7.083e+05 -7.083e+05
 -6.222e+05 6.222e+05
 1.995e+05 -1.995e+05
 -3.175e+04 3.175e+04
 -8.493e+05 8.493e+05
 -5.844e+05 5.844e+05
 2.615e+05 -2.615e+05
 9.412e+04 -9.412e+04
 -7.458e+05 7.458e+05
 -6.272e+05 6.272e+05
 -1.056e+05 1.056e+05
 5.881e+05 -5.881e+05
 5.975e+04 -5.975e+04
 9.606e+05 -9.606e+05
 -1.877e+05 1.877e+05
 -2.274e+05 2.274e+05
 1.363e+06 -1.363e+06
 -2.585e+05 2.585e+05
 -1.52e+04 1.52e+04
 5.015e+05 -5.015e+05
 1.992e+05 -1.992e+05
 -3.05e+05 3.05e+05
 -1.815e+05 1.815e+05
 6.202e+05 -6.202e+05
 -6.035e+05 6.035e+05
 2.752e+04 -2.752e+04
 -2.99e+04 2.99e+04
 3.911e+05 -3.911e+05
 6.019e+05 -6.019e+05
 -3.679e+04 3.679e+04
 5.269e+05 -5.269e+05
 1.108e+05 -1.108e+05
 1.437e+05 -1.437e+05
 9.605e+04 -9.605e+04
 -1.427e+05 1.427e+05
 1.581e+05 -1.581e+05
 5.563e+05 -5.563e+05
 -8.228e+05 8.228e+05
 7.81e+05 -7.81e+05
 -2.357e+04 2.357e+04
 -4.968e+05 4.968e+05
 -8.734e+05 8.734e+05
 -1.397e+04 1.397e+04
 1.234e+06 -1.234e+06
 -2.511e+06 2.511e+06
 2.297e+05 -2.297e+05
 3.713e+05 -3.713e+05
 -1.85e+06 1.85e+06
 -1.91e+05 1.91e+05
 -8.865e+05 8.865e+05
 1.991e+05 -1.991e+05
 2.021e+04 -2.021e+04
 5.405e+05 -5.405e+05
 -4.741e+05 4.741e+05
 -5.855e+05 5.855e+05
 -4.391e+04 4.391e+04
 7.561e+05 -7.561e+05
 3.587e+05 -3.587e+05
 -8475 8475
 -1.568e+06 1.568e+06
 -2.307e+05 2.307e+05
 3.352e+05 -3.352e+05
 4.881e+05 -4.881e+05
 -2.486e+05 2.486e+05
 1.837e+05 -1.837e+05
 1.668e+05 -1.668e+05
 4.894e+05 -4.894e+05
 -2.048e+05 2.048e+05
 1.548e+06 -1.548e+06
 3.892e+05 -3.892e+05
 -4.057e+05 4.057e+05
 4.598e+05 -4.598e+05
 1.544e+05 -1.544e+05
 -1.126e+06 1.126e+06
 4.021e+05 -4.021e+05
 9.562e+05 -9.562e+05
 1.102e+05 -1.102e+05
 -3.669e+05 3.669e+05
 5.731e+04 -5.731e+04
 -6.03e+04 6.03e+04
 -6.401e+05 6.401e+05
 1.714e+05 -1.714e+05
 9569 -9569
 2.149e+05 -2.149e+05
 -4.88e+05 4.88e+05
 -4.212e+05 4.212e+05
 -3.85e+04 3.85e+04
 6.161e+05 -6.161e+05
 1.044e+06 -1.044e+06
 -1.74e+05 1.74e+05
 1.195e+05 -1.195e+05
 -8.677e+05 8.677e+05
 4443 -4443
 7.476e+04 -7.476e+04
 -2.763e+05 2.763e+05
 7.1e+05 -7.1e+05
 3.426e+05 -3.426e+05
 -2.363e+05 2.363e+05
 -4.426e+05 4.426e+05
 5.342e+05 -5.342e+05
 -6.07e+05 6.07e+05
 8.175e+04 -8.175e+04
 -2.009e+05 2.009e+05
 -7.02e+05 7.02e+05
 -9.473e+05 9.473e+05
 8.541e+05 -8.541e+05
 2.394e+05 -2.394e+05
 -2.26e+05 2.26e+05
 1.081e+06 -1.081e+06
 -6.057e+05 6.057e+05
 3.865e+05 -3.865e+05
 -5.806e+05 5.806e+05
 5.742e+04 -5.742e+04
 -3.942e+04 3.942e+04
 -3.712e+05 3.712e+05
 2.418e+05 -2.418e+05
 -6.14e+05 6.14e+05
 -5.443e+05 5.443e+05
 -2.93e+05 2.93e+05
 -2.394e+05 2.394e+05
 3.683e+05 -3.683e+05
 1.722e+06 -1.722e+06
 8.495e+04 -8.495e+04
 -3.258e+05 3.258e+05
 -7.321e+05 7.321e+05
 3.344e+05 -3.344e+05
 -4.077e+05 4.077e+05
 -1.236e+05 1.236e+05
 -1.974e+05 1.974e+05
 -5.14e+05 5.14e+05
 -7.851e+05 7.851e+05
 1.036e+06 -1.036e+06
 -1.79e+06 1.79e+06
 4.038e+05 -4.038e+05
 -2.663e+05 2.663e+05
 6.847e+05 -6.847e+05
 -1.841e+04 1.841e+04
 1.425e+06 -1.425e+06
 8068 -8068
 -7.393e+05 7.393e+05
 -5.416e+05 5.416e+05
 6.787e+05 -6.787e+05
 -2.011e+05 2.011e+05
 2.433e+05 -2.433e+05
 8.269e+05 -8.269e+05
 2.601e+05 -2.601e+05
 9.016e+04 -9.016e+04
 5.116e+05 -5.116e+05
 -2.209e+04 2.209e+04
 2.046e+05 -2.046e+05
 2.782e+05 -2.782e+05
 -1.195e+06 1.195e+06
 7.512e+04 -7.512e+04
 7.722e+05 -7.722e+05
 -3236 3236
 -7.515e+05 7.515e+05
 7.082e+05 -7.082e+05
 -2.928e+04 2.928e+04
 5.996e+04 -5.996e+04
 -1.036e+06 1.036e+06
 9.508e+05 -9.508e+05
 7.233e+05 -7.233e+05
 -5.843e+05 5.843e+05
 -3.358e+05 3.358e+05
 -4.97e+05 4.97e+05
 -9.19e+05 9.19e+05
 -1.064e+06 1.064e+06
 -7.884e+05 7.884e+05
 4.43e+05 -4.43e+05
 2.732e+05 -2.732e+05
 -2.049e+05 2.049e+05
 -1.175e+06 1.175e+06
 7.672e+05 -7.672e+05
 3.459e+05 -3.459e+05
 5.776e+05 -5.776e+05
 5.112e+05 -5.112e+05
 -3.364e+05 3.364e+05
 6.593e+05 -6.593e+05
 2.04e+05 -2.04e+05
 8.88e+05 -8.88e+05
 1.244e+06 -1.244e+06
 -2.402e+05 2.402e+05
 1.533e+06 -1.533e+06
 -6.554e+05 6.554e+05
 -2.995e+05 2.995e+05
 -2.408e+05 2.408e+05
 2.426e+05 -2.426e+05
 5.699e+04 -5.699e+04
 1.285e+05 -1.285e+05
 5.816e+04 -5.816e+04
 -1.902e+05 1.902e+05
 1.017e+06 -1.017e+06
 -2.685e+05 2.685e+05
 -9.143e+05 9.143e+05
 -6.24e+05 6.24e+05
 -3.3e+05 3.3e+05
 4.024e+05 -4.024e+05
 6.327e+05 -6.327e+05
 -2.571e+05 2.571e+05
 6411 -6411
 -8.697e+05 8.697e+05
 -3.647e+05 3.647e+05
 -6.748e+05 6.748e+05
 3.176e+05 -3.176e+05
 5.082e+05 -5.082e+05
 -2.172e+05 2.172e+05
 1.458e+06 -1.458e+06
 5.324e+05 -5.324e+05
 1.895e+05 -1.895e+05
 -2.681e+05 2.681e+05
 5.357e+05 -5.357e+05
 -1.079e+06 1.079e+06
 -2.863e+05 2.863e+05
 -2.207e+06 2.207e+06
 1.208e+06 -1.208e+06
 1.627e+05 -1.627e+05
 6.908e+05 -6.908e+05
 4.393e+05 -4.393e+05
 -1.148e+06 1.148e+06
 -5.375e+05 5.375e+05
 4.111e+05 -4.111e+05
 3.43e+05 -3.43e+05
 -5.772e+05 5.772e+05
 -1.654e+05 1.654e+05
 3.526e+05 -3.526e+05
 -9.061e+05 9.061e+05
 1.121e+05 -1.121e+05
 6.557e+04 -6.557e+04
 7.96e+05 -7.96e+05
 1.616e+05 -1.616e+05
 3.927e+04 -3.927e+04
 2.741e+05 -2.741e+05
 1.711e+05 -1.711e+05
 1.325e+06 -1.325e+06
 -6.55e+05 6.55e+05
 -1.162e+06 1.162e+06
 4.4e+05 -4.4e+05
 -1.953e+05 1.953e+05
 -1.953e+05 1.953e+05
 3.03e+05 -3.03e+05
 -5.859e+05 5.859e+05
 -3.772e+05 3.772e+05
 7.583e+05 -7.583e+05
 2.589e+06 -2.589e+06
 6.138e+05 -6.138e+05
 -2.488e+05 2.488e+05
 -3.404e+05 3.404e+05
 3.934e+05 -3.934e+05
 8.048e+05 -8.048e+05
 2.28e+05 -2.28e+05
 -1.003e+05 1.003e+05
 2.413e+05 -2.413e+05
 -4.188e+05 4.188e+05
 1.243e+05 -1.243e+05
 4.694e+04 -4.694e+04
 -5.35e+05 5.35e+05
 -5.428e+05 5.428e+05
 -3e+05 3e+05
 -7.615e+04 7.615e+04
 1.443e+06 -1.443e+06
 5.86e+05 -5.86e+05
 1.305e+06 -1.305e+06
 -2.105e+05 2.105e+05
 -5.029e+05 5.029e+05
 -3.239e+05 3.239e+05
 5.038e+05 -5.038e+05
 -3.457e+05 3.457e+05
 -2.995e+05 2.995e+05
 9.049e+05 -9.049e+05
 -5.539e+04 5.539e+04
 9.289e+05 -9.289e+05
 5.203e+05 -5.203e+05
 -3.923e+05 3.923e+05
 -7.603e+04 7.603e+04
 -9.314e+05 9.314e+05
 -3.778e+05 3.778e+05
 7.324e+04 -7.324e+04
 3.208e+05 -3.208e+05
 -6.991e+05 6.991e+05
 8.803e+04 -8.803e+04
 -2.51e+04 2.51e+04
 7.887e+05 -7.887e+05
 -6.814e+05 6.814e+05
 -6.239e+05 6.239e+05
 -2.311e+05 2.311e+05
 4.559e+05 -4.559e+05
